2.76529221718 0.102255467276 0.0212252478371 -0.0305743141127 0.0216621484139 0.0473119026841 0.998177111793
5.33152345879 0.396021334935 0.0263238066042 -0.0232990222734 0.00985260567439 0.0541412874123 0.998212804326
8.46818822301 0.575838473413 0.0271141452429 0.00741556499047 0.0121843669166 -0.0248505428489 0.99958941627
11.3220861403 0.624811724941 0.113144468998 -0.0241868169334 -0.0131133964696 0.0795068215556 0.996454565972
14.0882591092 1.18913192372 0.0503209202523 -0.0244691458844 0.0147494821287 0.0677860108858 0.99729071509
20.292257493 7.98626068868 0.047970685137 -0.0459162370121 0.00654390926324 0.0228463473325 0.998662566057
23.8234107125 8.12852176617 0.0317351087873 -0.0469849213793 0.00841628917191 0.0178072056568 0.998701400152
26.5605497535 8.20341424199 0.0477562171679 -0.0339280287787 0.000633599017843 -0.00608884469954 0.999405529996
29.438475401 8.22566345483 0.103253470106 -0.041764383065 0.0108853495504 0.00394283954344 0.999060408328
32.246757952 8.74662453354 0.0818228329455 -0.022674764773 0.0128585824471 0.0126095562565 0.999580667576
38.0147618132 9.12108908283 0.111145265999 -0.0322927323396 -0.0435381310914 0.0385423613607 0.997785596689
44.1636272522 9.49775335291 0.0417753221596 -0.0431177317444 0.0261756765707 -0.0782365900663 0.995657938822
47.2247570646 9.38905144729 0.0693360749021 -0.0585861952298 0.0139975775436 -0.00517154301869 0.998170817393
53.0972528055 9.69881156079 0.0630457382381 -0.0431739780256 -0.010238607486 -0.00661694275444 0.998993190471
56.1736395427 9.90378979753 0.100605501402 -0.0390908703682 0.00835051175245 0.0452132604458 0.998177305837
59.1507285587 10.2127737023 0.0545843199814 -0.0270367363507 0.0204901045201 0.0378636851211 0.998706919899      
59.3565017364 16.3444069554 0.0598759383877 -0.0490145541389 -0.0602210649134 0.996967592252 0.00515914935248
56.4160725454 16.3297657836 0.0490560626302 -0.0342061566048 -0.0464598019885 0.99832917776 -0.00320600731355
53.6267942459 16.2069053986 0.0232857633727  -0.0428521147482 -0.0664223229756 0.996787305502 -0.0129166118325
50.6175065603 16.0119606067 0.069883705865 -0.0167872317179 -0.0430772533191 0.998625923436 -0.0246739567061
47.5799297251 15.8486080984 0.0332882754629 -0.066024625037 -0.0495308641651 0.996524918642 -0.0112039684524
44.6249534123 15.7127844146 0.0313759664289 -0.0473852343942 -0.0336355816488 0.998223552581 -0.0131539454461    
41.7369977466 15.6002501097 0.03751476242 -0.0464031505379 -0.0404626191418 0.998093355174 -0.00437931848375
38.8140770069 15.5068707211 0.0318384852478 -0.039612850618 -0.0376488582181 0.998502512904 -0.00247331043444
36.0219082253 15.3840672416 0.0564092478093 -0.0447907244216 -0.0727502216891 0.996334945404 -0.00422762539738
27.3967132003 14.9759115969 -0.0119776175132 -0.0331364246578 -0.0435395507459 0.998009397252 0.0313612480389
24.460983104 14.6093193354 -0.0439672919373 -0.042349566734 -0.0540795852129 0.995358114764 -0.0674102071961
18.4920100562 14.1918742749 -0.0288522501877 -0.0205893097743 -0.0449243569375 0.988345525069 -0.143982657125
9.86637007732 13.9840701179 -0.0239155775197 -0.0145764665987 -0.0371198319052 0.999070030621 -0.0163926390679
6.89122504977 13.935092013 -0.0281594655964 -0.0467223522873 -0.0515051769054 0.996587556131 0.0444688825245
-1.98426662574 13.5056853793 -0.0406065157964 -0.0445580263269 -0.0407850200191 0.998172145257 0.00187959156546

